NODE_COORD_SECTION
1 1584 6802
2 166 6212
3 2050 2537
4 5278 477
5 7484 3863
6 6955 7887
7 3101 8706
8 2401 1742
9 9217 1406
10 7852 2611
11 9861 4053
12 7083 5781
13 9820 692
14 385 2882
15 3738 2300
16 5481 7352
17 8750 9584
18 8980 2020
19 1542 5821
20 2670 9
21 960 6158
22 7870 1670
23 8217 7475
24 5928 5873
25 448 3989
26 4203 1389
27 1308 8993
28 5877 5588
29 4356 3410
30 1183 7860
31 3325 4422
32 2909 3206
33 1189 566
34 1047 1341
35 1163 1641
36 9261 1214
37 6878 1784
38 3979 6838
39 5077 1593
40 7651 9095
41 1332 5920
42 8821 1882
43 6594 9465
44 9295 9312
45 2648 3720
46 9947 7447
47 6813 8039
48 3932 4633
49 4487 5348
50 4202 7951
51 7900 7151
52 3112 3508
53 8651 6195
54 951 4744
55 7442 2641
56 6686 1685
57 5325 7888
58 5697 8559
59 516 4235
60 8288 3196
61 4813 1808
62 2953 5779
63 2870 5329
64 3192 594
65 477 3383
66 6258 8596
67 718 8652
68 85 1968
69 4439 4751
70 9695 3611
71 7481 9954
72 1858 8230
73 4883 7830
74 7625 6654
75 4664 3052
76 998 7646
77 1230 4787
78 4427 4268
79 7646 1119
80 6123 4284
81 5152 1861
82 7807 7786
83 9008 1916
84 2585 2178
85 7354 9361
86 5115 5081
87 2674 2784
88 4596 718
89 8841 2954
90 14 4111
91 5256 5926
92 8077 9624
93 7695 789
94 2638 4313
95 8671 1693
96 3980 8781
97 9637 5452
98 4462 5198
99 4653 9705
100 3832 5093
101 7320 9454
102 3522 9067
103 1980 8539
104 1673 5236
105 2292 7943
106 7685 9940
107 8052 4241
108 1624 3207
109 7649 5162
110 3959 5023
111 7508 7572
112 799 2248
113 7075 669
114 1157 8341
115 7745 5337
116 8423 6617
117 5812 8856
118 5683 8746
119 9449 2286
120 6010 1736
121 7272 3136
122 4724 4376
123 6435 8206
124 4327 498
125 3998 3398
126 9815 3765
127 5078 9126
128 8556 9280
129 9852 5491
130 8086 8962
131 5259 1279
132 7132 5871
133 3314 7476
134 8603 7702
135 3947 8578
136 8243 9689
137 1642 3540
138 9847 6120
139 9455 5106
140 2098 2772
141 2600 5064
142 2831 2961
143 6604 7472
144 1224 3966
145 4381 4982
146 9860 1277
147 2511 6535
148 9384 5567
149 2610 6256
150 8403 9413
151 516 8989
152 2314 4175
153 6033 1211
154 9693 1776
155 6581 9824
156 9866 9946
157 9613 1220
158 1578 1326
159 4685 2112
160 9237 8756
161 3895 187
162 3495 8512
163 5744 1405
164 2301 9601
165 2711 2904
166 8973 2740
167 4176 6114
168 5051 43
169 2813 5157
170 8748 3227
171 1108 555
172 5964 2
173 5608 8461
174 208 1029
175 3469 3893
176 7408 5546
177 680 8063
178 7829 6397
179 2990 5183
180 9249 3546
181 9784 2386
182 8495 3361
183 591 8943
184 1345 9263
185 8956 8834
186 1541 6705
187 2100 9214
188 2928 3967
189 7825 5398
190 8975 8563
191 7868 2385
192 9489 4859
193 9286 1157
194 1366 5222
195 9607 9990
196 3434 1342
197 717 3442
198 2502 626
199 5126 962
200 1921 9555
201 6891 2578
202 1320 742
203 1148 8903
204 3884 3216
205 1738 5258
206 187 7210
207 6341 1933
208 227 3493
209 4630 3320
210 9543 2891
211 2465 6064
212 3083 8751
213 3386 1991
214 8036 347
215 4376 8102
216 6465 805
217 1730 6090
218 6146 2049
219 7763 5877
220 785 2877
221 2614 3760
222 4894 5261
223 2878 9784
224 9803 9772
225 240 4647
226 1048 7462
227 525 5934
228 7902 7190
229 5354 5598
230 6652 3791
231 4229 8490
232 1614 1303
233 4041 3166
234 6713 1234
235 458 176
236 5047 1000
237 1473 8647
238 2553 9263
239 694 126
240 9064 8423
241 4355 7771
242 5937 5738
243 1863 1932
244 4539 8522
245 5243 5309
246 8810 6370
247 3783 1813
248 8335 9205
249 3270 7493
250 4462 7215
251 5985 5033
252 602 8264
253 9731 6000
254 9630 5896
255 8274 5914
256 687 7404
257 5933 9356
258 8233 7789
259 5390 1429
260 7171 2448
261 1299 1739
262 4971 8797
263 9271 3657
264 7564 6161
265 8720 5533
266 5369 1322
267 8839 7419
268 9483 2157
269 2590 5727
270 5771 9391
271 4668 9048
272 8591 1056
273 3691 7258
274 9547 5005
275 1944 7721
276 8245 6976
277 9790 2904
278 6143 3726
279 4151 4392
280 2157 8646
281 8490 6774
282 8749 8743
283 335 3004
284 3008 4914
285 1527 9253
286 9701 8835
287 8847 6248
288 5248 2886
289 206 6910
290 3494 367
291 1645 7168
292 8372 8234
293 918 5958
294 9596 9970
295 691 2193
296 1110 9817
297 607 1174
298 1297 1034
299 326 2045
300 5350 7870
301 7632 7188
302 2972 3609
303 8829 9367
304 5985 424
305 2591 8353
306 9179 2840
307 4987 977
308 5096 7398
309 3243 2430
310 6368 8095
311 9767 1762
312 8041 6387
313 7576 5852
314 8856 9129
315 5359 3112
316 5276 7176
317 193 4938
318 9000 4507
319 5669 2572
320 5304 3465
321 4698 201
322 2856 8939
323 9016 7617
324 2839 8002
325 4867 1751
326 9623 6102
327 24 6141
328 5773 7053
329 6133 4827
330 6272 2598
331 7080 2384
332 4816 3968
333 8122 5014
334 5889 1578
335 441 6748
336 359 1278
337 1035 9092
338 9705 8938
339 1494 9137
340 8597 1933
341 2670 5837
342 6671 5524
343 3663 3841
344 9026 8916
345 386 9320
346 1629 5360
347 6169 6197
348 5253 3370
349 4906 7237
350 6882 3140
351 6086 8931
352 7558 51
353 4110 2697
354 4403 7020
355 1482 943
356 8800 7534
357 971 8922
358 8856 5326
359 5892 4064
360 7359 1481
361 8903 9409
362 6961 7147
363 5918 5642
364 4553 2719
365 4483 7082
366 177 807
367 328 4337
368 8270 8448
369 6076 3927
370 6103 620
371 4306 9348
372 721 6779
373 430 7057
374 2111 7083
375 3356 7057
376 7237 5305
377 6836 274
378 2472 1167
379 8766 9417
380 2241 7269
381 2245 6298
382 4517 7312
383 4036 1417
384 887 6070
385 5897 504
386 1821 5861
387 7608 9150
388 782 1177
389 5033 9249
390 1477 8593
391 6185 9278
392 8882 9627
393 982 1477
394 6004 6228
395 5965 6701
396 8965 2551
397 6319 6413
398 8915 1892
399 6773 546
400 8448 6790
401 7786 6259
402 4228 1806
403 4117 9696
404 1860 1261
405 7292 2886
406 5648 4837
407 9308 6015
408 6192 4694
409 4413 6254
410 3080 6672
411 5062 6274
412 7687 5789
413 6819 5663
414 8760 701
415 1552 3738
416 128 1662
417 4946 9795
418 7282 1175
419 4821 26
420 1679 9725
421 59 4759
422 8360 3770
423 2022 6484
424 2396 9548
425 3669 1148
426 2318 7583
427 9855 8645
428 4591 6765
429 6569 926
430 1660 6847
431 5492 2568
432 7251 1301
433 183 1547
434 5578 2392
435 4386 3640
436 8842 8315
437 3018 2675
438 652 7896
439 2247 2948
440 4719 2992
441 6166 5331
442 5282 205
443 1642 6638
444 9823 6551
445 7362 8741
446 8096 1495
447 5072 6808
448 6035 3323
449 5866 4481
450 2042 9994
451 3497 7553
452 7251 9577
453 470 125
454 6249 107
455 6229 9385
456 1828 7967
457 8299 2970
458 1242 46
459 7281 2145
460 9375 1731
461 3729 8843
462 5509 9543
463 5137 8981
464 1055 9571
465 521 7635
466 3695 7462
467 3368 153
468 8859 8521
469 2847 3891
470 5769 2232
471 2525 3615
472 4281 5326
473 315 6550
474 9215 251
475 4972 3125
476 6856 5155
477 3410 9313
478 7735 6394
479 5442 429
480 8718 3891
481 8168 6033
482 8262 6439
483 384 8216
484 2514 2076
485 7982 6380
486 2755 1888
487 4525 1394
488 399 1307
489 4630 4666
490 6293 7091
491 4075 1175
492 917 3889
493 501 2271
494 497 5908
495 8762 8827
496 9872 7070
497 3791 1592
498 1716 7886
499 4701 3580
500 4952 6545
501 1394 8741
502 6304 9511
503 5306 2725
504 5402 6357
505 259 6333
506 9878 7282
507 4971 9054
508 2016 2729
509 4928 3971
510 4486 6675
511 6265 1526
512 1227 6226
513 4848 8204
514 4429 5839
515 5219 1992
516 9648 6455
517 6741 9861
518 4060 7435
519 9515 9238
520 3390 3707
521 7035 9867
522 4846 2628
523 2389 9587
524 6962 5460
525 2213 5591
526 8519 4294
527 4102 3909
528 3505 2473
529 3622 1888
530 9737 8170
531 5442 7298
532 9813 9575
533 7877 6667
534 4570 7553
535 8501 4588
536 6288 5945
537 5892 2674
538 3126 2358
539 2425 7781
540 701 2742
541 7899 7027
542 5003 647
543 436 2939
544 2760 1505
545 8262 1735
546 3257 3577
547 5599 94
548 6101 7405
549 6178 6035
550 8377 2599
551 7843 8619
552 3372 8534
553 7362 7716
554 8980 7570
555 2735 2859
556 524 1029
557 5367 2998
558 6788 1920
559 7887 2274
560 1594 7655
561 2601 1496
562 5965 7405
563 2190 6227
564 4772 5699
565 8162 727
566 2112 4348
567 9548 1588
568 7384 4991
569 6818 1149
570 7203 884
571 9762 7797
572 8424 1957
573 1880 8636
574 4486 8282
575 1331 8040
576 2307 4812
577 2886 1349
578 2996 7293
579 1986 5038
580 6052 9045
581 7425 2469
582 508 5328
583 746 2647
584 9719 2469
585 976 4195
586 5107 6332
587 4434 67
588 1531 3567
589 6104 1991
590 4007 9492
591 3981 5487
592 9529 8804
593 7209 6324
594 5081 221
595 7284 6233
596 5032 4792
597 211 5030
598 5265 4217
599 1367 1474
600 9568 6964
601 6159 8984
602 7400 8674
603 2555 1478
604 1570 3749
605 1156 6510
606 5779 7881
607 2158 1857
608 1231 8561
609 7466 3927
610 146 8065
611 3424 4982
612 5084 3386
613 7775 8153
614 1286 5387
615 4328 9063
616 8865 6008
617 8051 1340
618 2774 8566
619 3318 2348
620 6593 4012
621 6259 5187
622 8472 4016
623 7884 5228
624 5604 819
625 5890 4008
626 6536 9408
627 5246 702
628 1551 8079
629 9786 3466
630 1957 3512
631 7643 7359
632 560 2929
633 301 3173
634 4883 8577
635 5586 3529
636 329 3572
637 578 19
638 233 6847
639 1620 1883
640 1953 1653
641 3895 6593
642 1948 1638
643 9459 8264
644 5162 3316
645 8706 8415
646 1377 9190
647 8869 33
648 9800 3461
649 8448 8204
650 6262 8020
651 7585 2669
652 8921 7012
653 7467 5644
654 8374 8910
655 338 6010
656 2099 8665
657 1834 8946
658 8076 2081
659 3223 6989
660 8822 4355
661 2433 4343
662 8558 7028
663 9975 306
664 5031 2195
665 3803 4845
666 3687 6076
667 5671 6445
668 9774 7774
669 4369 5817
670 9357 5167
671 1644 3297
672 5537 9480
673 3008 8085
674 7173 3468
675 7270 3346
676 1961 696
677 3532 6194
678 4698 6382
679 6864 5911
680 8328 5269
681 3750 2273
682 8144 8701
683 4495 5884
684 5777 9687
685 1739 2951
686 4146 6016
687 3836 827
688 2358 9732
689 9814 2991
690 2926 6655
691 946 4309
692 558 2035
693 3804 9903
694 9297 5878
695 6877 8124
696 1313 9580
697 7167 3036
698 5070 6505
699 9899 2217
700 7856 5224
701 7752 1112
702 5526 7695
703 866 8085
704 7551 5145
705 6678 1680
706 3438 3735
707 3241 5142
708 1780 5664
709 4 3275
710 890 643
711 8371 4038
712 2713 2840
713 5763 2783
714 1024 3235
715 7718 3887
716 1625 69
717 9537 7962
718 3200 9014
719 1830 6418
720 7011 6809
721 49 7206
722 5885 1122
723 2943 9755
724 1214 2055
725 5718 54
726 5347 6269
727 4276 1988
728 2960 8499
729 2055 7555
730 1085 9742
731 584 6570
732 9070 9071
733 4865 9674
734 1296 2937
735 9118 6997
736 8189 9241
737 1318 6210
738 8574 6424
739 8906 1234
740 5772 5539
741 1104 4321
742 7292 7241
743 3382 861
744 3522 9874
745 7336 8791
746 9491 8056
747 7943 515
748 736 4299
749 2935 1284
750 3473 3093
EOF
